2.999999999999999889e-02 1.204214435240963593e+11
5.000000000000000278e-02 3.307243034638554077e+11
7.000000000000000666e-02 8.544152138554216003e+10
8.999999999999999667e-02 8.547381601917875671e+10
1.100000000000000006e-01 9.093084076009918213e+10
1.300000000000000044e-01 8.620173868200074768e+10
1.499999999999999944e-01 9.231684034658369446e+10
1.700000000000000122e-01 8.992455851816357422e+10
1.900000000000000022e-01 9.012525593141793823e+10
2.099999999999999922e-01 9.218407924305917358e+10
2.300000000000000100e-01 9.441081186022285461e+10
2.500000000000000000e-01 9.623102503641371155e+10
2.700000000000000178e-01 9.581297827389103699e+10
2.899999999999999800e-01 9.623833302382461548e+10
3.099999999999999978e-01 9.664506589527755737e+10
3.300000000000000155e-01 9.759140768922467041e+10
3.499999999999999778e-01 9.811769616830491638e+10
3.699999999999999956e-01 9.816806211412812805e+10
3.900000000000000133e-01 9.915591415662654114e+10
4.099999999999999756e-01 9.979236161170101929e+10
4.299999999999999933e-01 9.896111094377507019e+10
4.500000000000000111e-01 9.983354750523834229e+10
4.699999999999999734e-01 9.970517434383999634e+10
4.899999999999999911e-01 1.021555153772986603e+11
