3.000000000000000000e+01 1.289862189238956422e+08
3.200000000000000000e+01 1.280676701165902168e+08
3.400000000000000000e+01 1.274540919390886575e+08
3.600000000000000000e+01 1.284755721351069808e+08
3.800000000000000000e+01 1.303244816543946117e+08
4.000000000000000000e+01 1.311482947857238948e+08
4.200000000000000000e+01 1.330829644096574336e+08
4.400000000000000000e+01 1.359478122026320100e+08
4.600000000000000000e+01 1.429876576892364025e+08
4.800000000000000000e+01 1.490396020896440744e+08
5.000000000000000000e+01 1.646029000332620740e+08
5.200000000000000000e+01 2.053062434952365458e+08
5.400000000000000000e+01 3.581164346951395273e+08
