3.000000000000000000e+00 2.432092196938775852e+07
4.000000000000000000e+00 5.116917609329446405e+07
5.000000000000000000e+00 3.836837394440537095e+08
6.000000000000000000e+00 8.687441153988867998e+07
7.000000000000000000e+00 6.276169733009708673e+07
8.000000000000000000e+00 6.713881782857143879e+07
9.000000000000000000e+00 7.762501448454383016e+07
1.000000000000000000e+01 7.402069241982510686e+07
1.100000000000000000e+01 7.711597506819559634e+07
1.200000000000000000e+01 8.690394559106662869e+07
1.300000000000000000e+01 8.123805974499444664e+07
1.400000000000000000e+01 7.504283363636365533e+07
1.500000000000000000e+01 8.308487788865548372e+07
1.600000000000000000e+01 8.516494419591836631e+07
1.700000000000000000e+01 8.737399755724242330e+07
1.800000000000000000e+01 9.068984177643781900e+07
1.900000000000000000e+01 9.299504283673468232e+07
2.000000000000000000e+01 9.123058352797029912e+07
2.100000000000000000e+01 9.327235468476358056e+07
2.200000000000000000e+01 9.335322023426735401e+07
2.300000000000000000e+01 8.942224613764655590e+07
2.400000000000000000e+01 9.536317940345370770e+07
2.500000000000000000e+01 9.302137892340481281e+07
2.600000000000000000e+01 7.796992481934997439e+07
2.700000000000000000e+01 9.889224443071967363e+07
2.800000000000000000e+01 1.020418833898305297e+08
2.900000000000000000e+01 1.012656415150375962e+08
3.000000000000000000e+01 1.007231172715391666e+08
3.100000000000000000e+01 9.618198553546531498e+07
3.200000000000000000e+01 8.340871095807048678e+07
3.300000000000000000e+01 1.036804972275126129e+08
3.400000000000000000e+01 1.041859954335693866e+08
3.500000000000000000e+01 1.008027519707207233e+08
3.600000000000000000e+01 1.044580011428571343e+08
3.700000000000000000e+01 1.026876175584608912e+08
3.800000000000000000e+01 1.008599908621950448e+08
3.900000000000000000e+01 1.014816731882157475e+08
4.000000000000000000e+01 1.033608163265306354e+08
4.100000000000000000e+01 1.039588796306664497e+08
4.200000000000000000e+01 1.191588212337662280e+08
4.300000000000000000e+01 1.060405572202381045e+08
4.400000000000000000e+01 1.030185833702623993e+08
4.500000000000000000e+01 1.086085022683215886e+08
4.600000000000000000e+01 1.058934176441991478e+08
4.700000000000000000e+01 1.047357177137537748e+08
4.800000000000000000e+01 1.039362329053803682e+08
4.900000000000000000e+01 1.089274183064516187e+08
