[front_panel]
mode=T1 - R1
output=10 dB
gain=25 dB
probe1=2 MHz
probe2=no probe

[measure]
selection=1
samplerate=2
begin=0
end=150
sound speed=2750
units=0

[ascan]
fft filter=0
fft middle=1
fft width=1
fft gate=0
cepstrum filter=0
cepstrum middle=0
cepstrum width=20
cepstrum gate=20

Frequency [MHz]	FFT	
0,000E+00	4,429E+00	
1,221E-02	2,376E+00	
2,441E-02	1,943E+00	
3,662E-02	7,682E-01	
4,883E-02	1,260E+00	
6,104E-02	1,657E+00	
7,324E-02	9,871E-01	
8,545E-02	1,747E+00	
9,766E-02	2,161E+00	
1,099E-01	1,837E-01	
1,221E-01	1,246E+00	
1,343E-01	1,449E+00	
1,465E-01	1,062E+00	
1,587E-01	1,360E+00	
1,709E-01	2,004E+00	
1,831E-01	3,646E-01	
1,953E-01	1,668E+00	
2,075E-01	1,310E+00	
2,197E-01	8,607E-01	
2,319E-01	1,050E+00	
2,441E-01	1,730E+00	
2,563E-01	4,002E-01	
2,686E-01	1,499E+00	
2,808E-01	1,409E+00	
2,930E-01	3,678E-01	
3,052E-01	1,380E+00	
3,174E-01	1,105E+00	
3,296E-01	3,003E-01	
3,418E-01	9,654E-01	
3,540E-01	1,215E+00	
3,662E-01	4,266E-01	
3,784E-01	1,262E+00	
3,906E-01	4,329E-01	
4,028E-01	8,863E-01	
4,150E-01	3,699E-01	
4,272E-01	5,572E-01	
4,395E-01	4,594E-01	
4,517E-01	1,044E+00	
4,639E-01	5,183E-01	
4,761E-01	9,451E-01	
4,883E-01	1,003E+00	
5,005E-01	7,437E-02	
5,127E-01	1,024E+00	
5,249E-01	7,137E-01	
5,371E-01	6,451E-01	
5,493E-01	6,468E-01	
5,615E-01	1,088E+00	
5,737E-01	7,125E-01	
5,859E-01	1,945E+00	
5,981E-01	9,525E-01	
6,104E-01	1,322E+00	
6,226E-01	1,132E+00	
6,348E-01	5,767E-01	
6,470E-01	4,892E-01	
6,592E-01	2,221E+00	
6,714E-01	1,730E+00	
6,836E-01	2,323E+00	
6,958E-01	2,340E+00	
7,080E-01	6,425E-01	
7,202E-01	1,174E+00	
7,324E-01	1,942E+00	
7,446E-01	1,515E+00	
7,568E-01	2,695E+00	
7,690E-01	3,087E+00	
7,813E-01	1,331E+00	
7,935E-01	2,589E+00	
8,057E-01	9,105E-01	
8,179E-01	5,457E-01	
8,301E-01	2,562E+00	
8,423E-01	3,256E+00	
8,545E-01	2,315E+00	
8,667E-01	3,994E+00	
8,789E-01	1,547E+00	
8,911E-01	1,606E+00	
9,033E-01	1,524E+00	
9,155E-01	2,317E+00	
9,277E-01	2,424E+00	
9,399E-01	3,850E+00	
9,521E-01	1,689E+00	
9,644E-01	2,798E+00	
9,766E-01	1,003E+00	
9,888E-01	8,501E-01	
1,001E+00	2,033E+00	
1,013E+00	3,292E+00	
1,025E+00	2,054E+00	
1,038E+00	3,181E+00	
1,050E+00	1,578E+00	
1,062E+00	1,418E+00	
1,074E+00	7,905E-01	
1,086E+00	1,844E+00	
1,099E+00	2,080E+00	
1,111E+00	1,920E+00	
1,123E+00	4,358E-01	
1,135E+00	2,680E+00	
1,147E+00	6,553E-01	
1,160E+00	7,964E-01	
1,172E+00	1,423E+00	
1,184E+00	2,246E+00	
1,196E+00	1,466E+00	
1,208E+00	2,991E+00	
1,221E+00	1,992E+00	
1,233E+00	1,956E+00	
1,245E+00	1,236E+00	
1,257E+00	3,799E+00	
1,270E+00	1,361E+00	
1,282E+00	4,801E+00	
1,294E+00	3,142E+00	
1,306E+00	5,982E+00	
1,318E+00	4,426E+00	
1,331E+00	2,754E+00	
1,343E+00	3,112E+00	
1,355E+00	7,627E+00	
1,367E+00	2,379E+00	
1,379E+00	6,551E+00	
1,392E+00	3,906E+00	
1,404E+00	5,466E+00	
1,416E+00	4,421E+00	
1,428E+00	7,717E+00	
1,440E+00	4,814E+00	
1,453E+00	8,361E+00	
1,465E+00	5,703E+00	
1,477E+00	7,422E+00	
1,489E+00	8,093E+00	
1,501E+00	8,468E+00	
1,514E+00	8,811E+00	
1,526E+00	2,319E+01	
1,538E+00	1,061E+01	
1,550E+00	2,027E+01	
1,563E+00	7,419E+00	
1,575E+00	7,025E+00	
1,587E+00	1,490E+01	
1,599E+00	2,028E+01	
1,611E+00	1,992E+01	
1,624E+00	3,642E+01	
1,636E+00	1,146E+01	
1,648E+00	2,483E+01	
1,660E+00	7,252E+00	
1,672E+00	1,934E+01	
1,685E+00	1,837E+01	
1,697E+00	4,339E+01	
1,709E+00	2,333E+01	
1,721E+00	3,547E+01	
1,733E+00	9,654E+00	
1,746E+00	1,301E+01	
1,758E+00	2,639E+01	
1,770E+00	4,370E+01	
1,782E+00	3,518E+01	
1,794E+00	6,262E+01	
1,807E+00	2,613E+01	
1,819E+00	2,720E+01	
1,831E+00	1,867E+01	
1,843E+00	2,047E+01	
1,855E+00	2,868E+01	
1,868E+00	4,715E+01	
1,880E+00	3,029E+01	
1,892E+00	4,026E+01	
1,904E+00	6,349E+00	
1,917E+00	1,196E+01	
1,929E+00	1,057E+01	
1,941E+00	2,334E+01	
1,953E+00	1,381E+01	
1,965E+00	3,374E+01	
1,978E+00	1,049E+01	
1,990E+00	1,219E+01	
2,002E+00	1,154E+01	
2,014E+00	1,846E+01	
2,026E+00	1,041E+01	
2,039E+00	2,448E+01	
2,051E+00	1,678E+01	
2,063E+00	1,973E+01	
2,075E+00	1,331E+01	
2,087E+00	2,345E+00	
2,100E+00	6,486E+00	
2,112E+00	8,385E+00	
2,124E+00	6,046E+00	
2,136E+00	1,136E+01	
2,148E+00	4,583E+00	
2,161E+00	7,212E+00	
2,173E+00	1,347E+00	
2,185E+00	8,557E+00	
2,197E+00	9,614E+00	
2,209E+00	1,128E+01	
2,222E+00	1,804E+01	
2,234E+00	8,001E+00	
2,246E+00	7,830E+00	
2,258E+00	5,288E+00	
2,271E+00	3,609E+00	
2,283E+00	9,822E+00	
2,295E+00	1,144E+01	
2,307E+00	1,012E+01	
2,319E+00	1,066E+01	
2,332E+00	3,756E+00	
2,344E+00	4,755E+00	
2,356E+00	3,992E+00	
2,368E+00	7,609E+00	
2,380E+00	7,947E+00	
2,393E+00	1,168E+01	
2,405E+00	1,951E+00	
2,417E+00	2,942E+00	
2,429E+00	7,229E+00	
2,441E+00	6,069E+00	
2,454E+00	9,452E+00	
2,466E+00	1,270E+01	
2,478E+00	9,604E+00	
2,490E+00	1,295E+01	
2,502E+00	4,851E+00	
2,515E+00	3,728E+00	
2,527E+00	4,289E+00	
2,539E+00	4,414E+00	
2,551E+00	4,369E+00	
2,563E+00	7,680E+00	
2,576E+00	7,519E-01	
2,588E+00	2,603E+00	
2,600E+00	2,474E+00	
2,612E+00	4,367E+00	
2,625E+00	4,798E+00	
2,637E+00	1,040E+01	
2,649E+00	7,873E+00	
2,661E+00	8,627E+00	
2,673E+00	6,071E+00	
2,686E+00	3,230E+00	
2,698E+00	6,770E+00	
2,710E+00	7,565E+00	
2,722E+00	5,461E+00	
2,734E+00	1,035E+01	
2,747E+00	5,945E+00	
2,759E+00	5,419E+00	
2,771E+00	3,612E+00	
2,783E+00	2,405E+00	
2,795E+00	2,273E+00	
2,808E+00	5,752E+00	
2,820E+00	4,782E+00	
2,832E+00	2,747E+00	
2,844E+00	4,153E+00	
2,856E+00	3,723E+00	
2,869E+00	4,154E+00	
2,881E+00	6,223E+00	
2,893E+00	6,770E+00	
2,905E+00	8,651E+00	
2,917E+00	6,976E+00	
2,930E+00	4,941E+00	
2,942E+00	4,360E+00	
2,954E+00	2,180E+00	
2,966E+00	2,397E+00	
2,979E+00	3,540E+00	
2,991E+00	7,010E-01	
3,003E+00	2,489E+00	
3,015E+00	1,760E+00	
3,027E+00	1,507E+00	
3,040E+00	8,575E-01	
3,052E+00	2,834E+00	
3,064E+00	4,043E+00	
3,076E+00	2,449E+00	
3,088E+00	5,020E+00	
3,101E+00	1,412E+00	
3,113E+00	3,571E+00	
3,125E+00	2,398E+00	
3,137E+00	1,284E+00	
3,149E+00	1,794E+00	
3,162E+00	3,903E+00	
3,174E+00	3,626E-01	
3,186E+00	3,410E+00	
3,198E+00	8,319E-01	
3,210E+00	2,837E+00	
3,223E+00	1,721E-01	
3,235E+00	4,105E+00	
3,247E+00	1,810E+00	
3,259E+00	3,179E+00	
3,271E+00	2,839E+00	
3,284E+00	4,960E-01	
3,296E+00	1,738E+00	
3,308E+00	3,398E+00	
3,320E+00	9,756E-01	
3,333E+00	4,289E+00	
3,345E+00	2,362E+00	
3,357E+00	1,899E+00	
3,369E+00	2,149E+00	
3,381E+00	1,228E+00	
3,394E+00	6,759E-01	
3,406E+00	2,229E+00	
3,418E+00	2,203E+00	
3,430E+00	1,579E+00	
3,442E+00	1,936E+00	
3,455E+00	1,144E+00	
3,467E+00	2,375E-01	
3,479E+00	2,573E+00	
3,491E+00	1,910E+00	
3,503E+00	2,074E+00	
3,516E+00	3,042E+00	
3,528E+00	7,382E-01	
3,540E+00	2,026E+00	
3,552E+00	1,424E+00	
3,564E+00	6,712E-01	
3,577E+00	2,176E+00	
3,589E+00	2,309E+00	
3,601E+00	9,493E-01	
3,613E+00	2,307E+00	
3,625E+00	9,180E-01	
3,638E+00	6,808E-01	
3,650E+00	1,458E+00	
3,662E+00	2,105E+00	
3,674E+00	1,009E+00	
3,687E+00	3,079E+00	
3,699E+00	3,567E-01	
3,711E+00	1,450E+00	
3,723E+00	1,552E+00	
3,735E+00	1,006E+00	
3,748E+00	1,415E+00	
3,760E+00	2,236E+00	
3,772E+00	2,373E-01	
3,784E+00	2,180E+00	
3,796E+00	1,275E+00	
3,809E+00	7,460E-01	
3,821E+00	1,275E+00	
3,833E+00	1,509E+00	
3,845E+00	7,461E-01	
3,857E+00	1,594E+00	
3,870E+00	9,228E-01	
3,882E+00	1,043E+00	
3,894E+00	1,450E+00	
3,906E+00	3,676E-01	
3,918E+00	1,256E+00	
3,931E+00	1,238E+00	
3,943E+00	6,846E-01	
3,955E+00	1,124E+00	
3,967E+00	5,942E-01	
3,979E+00	6,214E-01	
3,992E+00	1,274E+00	
4,004E+00	3,947E-01	
4,016E+00	1,560E+00	
4,028E+00	3,044E-01	
4,041E+00	9,459E-01	
4,053E+00	8,337E-01	
4,065E+00	1,011E+00	
4,077E+00	7,717E-01	
4,089E+00	1,776E+00	
4,102E+00	5,454E-01	
4,114E+00	1,143E+00	
4,126E+00	2,206E-01	
4,138E+00	2,539E-01	
4,150E+00	9,772E-01	
4,163E+00	1,359E+00	
4,175E+00	1,229E+00	
4,187E+00	1,626E+00	
4,199E+00	2,847E-01	
4,211E+00	9,706E-01	
4,224E+00	8,506E-01	
4,236E+00	3,090E-01	
4,248E+00	1,377E+00	
4,260E+00	1,704E+00	
4,272E+00	1,281E+00	
4,285E+00	1,318E+00	
4,297E+00	4,725E-01	
4,309E+00	4,195E-01	
4,321E+00	1,336E+00	
4,333E+00	1,033E+00	
4,346E+00	1,535E+00	
4,358E+00	1,225E+00	
4,370E+00	5,256E-01	
4,382E+00	8,855E-01	
4,395E+00	1,476E+00	
4,407E+00	1,872E-01	
4,419E+00	1,456E+00	
4,431E+00	1,246E+00	
4,443E+00	8,661E-01	
4,456E+00	1,642E+00	
4,468E+00	9,101E-01	
4,480E+00	6,695E-01	
4,492E+00	1,820E+00	
4,504E+00	5,298E-01	
4,517E+00	9,586E-01	
4,529E+00	1,722E+00	
4,541E+00	1,035E+00	
4,553E+00	1,241E+00	
4,565E+00	1,654E+00	
4,578E+00	8,469E-01	
4,590E+00	1,565E+00	
4,602E+00	1,940E+00	
4,614E+00	6,735E-01	
4,626E+00	1,888E+00	
4,639E+00	1,654E+00	
4,651E+00	1,043E+00	
4,663E+00	1,903E+00	
4,675E+00	2,035E+00	
4,688E+00	1,159E+00	
4,700E+00	2,741E+00	
4,712E+00	1,112E+00	
4,724E+00	1,552E+00	
4,736E+00	2,314E+00	
4,749E+00	1,677E+00	
4,761E+00	2,175E+00	
4,773E+00	3,291E+00	
4,785E+00	8,141E-01	
4,797E+00	3,044E+00	
4,810E+00	1,637E+00	
4,822E+00	1,613E+00	
4,834E+00	2,937E+00	
4,846E+00	3,295E+00	
4,858E+00	2,341E+00	
4,871E+00	4,420E+00	
4,883E+00	6,415E-01	
4,895E+00	2,610E+00	
4,907E+00	3,135E+00	
4,919E+00	2,570E+00	
4,932E+00	3,928E+00	
4,944E+00	5,131E+00	
4,956E+00	1,985E+00	
4,968E+00	4,676E+00	
4,980E+00	2,033E+00	
4,993E+00	1,348E+00	
5,005E+00	4,558E+00	
5,017E+00	4,999E+00	
5,029E+00	4,090E+00	
5,042E+00	5,897E+00	
5,054E+00	1,060E+00	
5,066E+00	2,522E+00	
5,078E+00	4,426E+00	
5,090E+00	3,779E+00	
5,103E+00	5,976E+00	
5,115E+00	6,809E+00	
5,127E+00	3,035E+00	
5,139E+00	4,838E+00	
5,151E+00	2,700E+00	
5,164E+00	1,972E+00	
5,176E+00	6,536E+00	
5,188E+00	6,485E+00	
5,200E+00	5,428E+00	
5,212E+00	6,616E+00	
5,225E+00	1,508E+00	
5,237E+00	1,849E+00	
5,249E+00	5,329E+00	
5,261E+00	4,775E+00	
5,273E+00	6,678E+00	
5,286E+00	7,061E+00	
5,298E+00	3,232E+00	
5,310E+00	4,063E+00	
5,322E+00	2,982E+00	
5,334E+00	2,800E+00	
5,347E+00	6,763E+00	
5,359E+00	6,614E+00	
5,371E+00	5,588E+00	
5,383E+00	5,699E+00	
5,396E+00	1,528E+00	
5,408E+00	1,466E+00	
5,420E+00	5,127E+00	
5,432E+00	4,943E+00	
5,444E+00	6,413E+00	
5,457E+00	6,543E+00	
5,469E+00	3,339E+00	
5,481E+00	3,416E+00	
5,493E+00	2,905E+00	
5,505E+00	2,928E+00	
5,518E+00	5,737E+00	
5,530E+00	5,736E+00	
5,542E+00	4,323E+00	
5,554E+00	4,676E+00	
5,566E+00	1,524E+00	
5,579E+00	1,830E+00	
5,591E+00	3,887E+00	
5,603E+00	4,107E+00	
5,615E+00	4,246E+00	
5,627E+00	5,039E+00	
5,640E+00	2,486E+00	
5,652E+00	2,650E+00	
5,664E+00	1,589E+00	
5,676E+00	2,358E+00	
5,688E+00	2,955E+00	
5,701E+00	3,719E+00	
5,713E+00	2,435E+00	
5,725E+00	3,304E+00	
5,737E+00	1,109E+00	
5,750E+00	1,754E+00	
5,762E+00	1,344E+00	
5,774E+00	2,727E+00	
5,786E+00	1,748E+00	
5,798E+00	2,763E+00	
5,811E+00	1,064E+00	
5,823E+00	1,774E+00	
5,835E+00	7,824E-01	
5,847E+00	2,096E+00	
5,859E+00	1,466E+00	
5,872E+00	2,866E+00	
5,884E+00	1,263E+00	
5,896E+00	1,731E+00	
5,908E+00	7,090E-01	
5,920E+00	1,637E+00	
5,933E+00	1,582E+00	
5,945E+00	2,691E+00	
5,957E+00	2,029E+00	
5,969E+00	2,596E+00	
5,981E+00	1,088E+00	
5,994E+00	9,171E-01	
6,006E+00	1,274E+00	
6,018E+00	2,581E+00	
6,030E+00	2,500E+00	
6,042E+00	3,229E+00	
6,055E+00	2,237E+00	
6,067E+00	1,853E+00	
6,079E+00	4,381E-01	
6,091E+00	1,537E+00	
6,104E+00	2,400E+00	
6,116E+00	3,536E+00	
6,128E+00	2,933E+00	
6,140E+00	3,087E+00	
6,152E+00	1,373E+00	
6,165E+00	3,532E-01	
6,177E+00	1,366E+00	
6,189E+00	2,646E+00	
6,201E+00	2,919E+00	
6,213E+00	3,847E+00	
6,226E+00	2,689E+00	
6,238E+00	2,369E+00	
6,250E+00	6,396E-01	
6,262E+00	1,194E+00	
6,274E+00	2,184E+00	
6,287E+00	3,660E+00	
6,299E+00	3,171E+00	
6,311E+00	3,486E+00	
6,323E+00	2,132E+00	
6,335E+00	8,754E-01	
6,348E+00	8,449E-01	
6,360E+00	2,890E+00	
6,372E+00	2,950E+00	
6,384E+00	3,854E+00	
6,396E+00	3,379E+00	
6,409E+00	2,477E+00	
6,421E+00	1,525E+00	
6,433E+00	9,563E-01	
6,445E+00	2,125E+00	
6,458E+00	3,490E+00	
6,470E+00	3,884E+00	
6,482E+00	3,666E+00	
6,494E+00	2,549E+00	
6,506E+00	1,386E+00	
6,519E+00	8,297E-01	
6,531E+00	2,118E+00	
6,543E+00	2,922E+00	
6,555E+00	3,380E+00	
6,567E+00	3,012E+00	
6,580E+00	2,499E+00	
6,592E+00	1,370E+00	
6,604E+00	7,321E-01	
6,616E+00	1,797E+00	
6,628E+00	2,632E+00	
6,641E+00	3,041E+00	
6,653E+00	2,933E+00	
6,665E+00	1,851E+00	
6,677E+00	1,381E+00	
6,689E+00	1,357E+00	
6,702E+00	1,443E+00	
6,714E+00	2,100E+00	
6,726E+00	2,768E+00	
6,738E+00	2,077E+00	
6,750E+00	2,120E+00	
6,763E+00	1,753E+00	
6,775E+00	2,021E-01	
6,787E+00	1,170E+00	
6,799E+00	2,125E+00	
6,812E+00	1,264E+00	
6,824E+00	2,180E+00	
6,836E+00	2,251E+00	
6,848E+00	4,565E-01	
6,860E+00	1,315E+00	
6,873E+00	1,561E+00	
6,885E+00	7,264E-01	
6,897E+00	1,662E+00	
6,909E+00	2,472E+00	
6,921E+00	3,159E-01	
6,934E+00	1,973E+00	
6,946E+00	1,327E+00	
6,958E+00	8,108E-01	
6,970E+00	1,034E+00	
6,982E+00	2,844E+00	
6,995E+00	6,427E-01	
7,007E+00	2,135E+00	
7,019E+00	1,853E+00	
7,031E+00	8,617E-01	
7,043E+00	9,027E-01	
7,056E+00	2,566E+00	
7,068E+00	1,444E+00	
7,080E+00	2,223E+00	
7,092E+00	2,218E+00	
7,104E+00	5,460E-01	
7,117E+00	1,306E+00	
7,129E+00	2,111E+00	
7,141E+00	1,513E+00	
7,153E+00	1,491E+00	
7,166E+00	2,642E+00	
7,178E+00	7,683E-01	
7,190E+00	1,535E+00	
7,202E+00	1,782E+00	
7,214E+00	1,238E+00	
7,227E+00	9,025E-01	
7,239E+00	2,616E+00	
7,251E+00	1,233E+00	
7,263E+00	1,699E+00	
7,275E+00	2,114E+00	
7,288E+00	5,681E-01	
7,300E+00	8,290E-01	
7,312E+00	2,268E+00	
7,324E+00	1,212E+00	
7,336E+00	1,744E+00	
7,349E+00	2,386E+00	
7,361E+00	2,500E-01	
7,373E+00	1,195E+00	
7,385E+00	1,691E+00	
7,397E+00	9,300E-01	
7,410E+00	1,600E+00	
7,422E+00	2,443E+00	
7,434E+00	8,991E-01	
7,446E+00	1,722E+00	
7,458E+00	1,436E+00	
7,471E+00	3,481E-01	
7,483E+00	1,436E+00	
7,495E+00	2,001E+00	
7,507E+00	9,180E-01	
7,520E+00	1,859E+00	
7,532E+00	1,294E+00	
7,544E+00	3,176E-01	
7,556E+00	1,335E+00	
7,568E+00	1,559E+00	
7,581E+00	9,533E-01	
7,593E+00	1,831E+00	
7,605E+00	9,398E-01	
7,617E+00	6,217E-01	
7,629E+00	1,230E+00	
7,642E+00	1,123E+00	
7,654E+00	8,866E-01	
7,666E+00	1,307E+00	
7,678E+00	4,751E-01	
7,690E+00	6,062E-01	
7,703E+00	1,474E+00	
7,715E+00	6,135E-01	
7,727E+00	1,028E+00	
7,739E+00	9,627E-01	
7,751E+00	2,534E-01	
7,764E+00	5,361E-01	
7,776E+00	1,234E+00	
7,788E+00	6,885E-01	
7,800E+00	1,341E+00	
7,813E+00	9,226E-01	
7,825E+00	3,042E-01	
7,837E+00	5,847E-01	
7,849E+00	9,332E-01	
7,861E+00	6,594E-01	
7,874E+00	1,531E+00	
7,886E+00	8,311E-01	
7,898E+00	8,222E-01	
7,910E+00	7,302E-01	
7,922E+00	4,321E-01	
7,935E+00	2,849E-01	
7,947E+00	1,358E+00	
7,959E+00	5,238E-01	
7,971E+00	9,852E-01	
7,983E+00	9,566E-01	
7,996E+00	2,595E-01	
8,008E+00	5,930E-01	
8,020E+00	8,707E-01	
8,032E+00	3,015E-01	
8,044E+00	9,780E-01	
8,057E+00	9,818E-01	
8,069E+00	5,953E-01	
8,081E+00	9,111E-01	
8,093E+00	3,930E-01	
8,105E+00	3,953E-01	
8,118E+00	6,337E-01	
8,130E+00	8,013E-01	
8,142E+00	5,017E-01	
8,154E+00	1,177E+00	
8,167E+00	4,318E-01	
8,179E+00	1,134E+00	
8,191E+00	1,027E-01	
8,203E+00	8,401E-01	
8,215E+00	3,013E-01	
8,228E+00	1,219E+00	
8,240E+00	5,436E-01	
8,252E+00	1,455E+00	
8,264E+00	6,935E-01	
8,276E+00	1,514E+00	
8,289E+00	6,105E-01	
8,301E+00	1,011E+00	
8,313E+00	4,545E-01	
8,325E+00	1,663E+00	
8,337E+00	1,164E+00	
8,350E+00	2,226E+00	
8,362E+00	1,379E+00	
8,374E+00	1,475E+00	
8,386E+00	7,642E-01	
8,398E+00	1,123E+00	
8,411E+00	8,094E-01	
8,423E+00	2,205E+00	
8,435E+00	1,904E+00	
8,447E+00	2,281E+00	
8,459E+00	1,484E+00	
8,472E+00	1,018E+00	
8,484E+00	4,696E-01	
8,496E+00	1,774E+00	
8,508E+00	1,799E+00	
8,521E+00	2,556E+00	
8,533E+00	1,878E+00	
8,545E+00	1,605E+00	
8,557E+00	8,960E-01	
8,569E+00	1,126E+00	
8,582E+00	1,150E+00	
8,594E+00	2,617E+00	
8,606E+00	2,222E+00	
8,618E+00	2,274E+00	
8,630E+00	1,663E+00	
8,643E+00	6,720E-01	
8,655E+00	4,943E-01	
8,667E+00	2,160E+00	
8,679E+00	1,986E+00	
8,691E+00	2,445E+00	
8,704E+00	2,097E+00	
8,716E+00	1,068E+00	
8,728E+00	8,225E-01	
8,740E+00	1,512E+00	
8,752E+00	1,476E+00	
8,765E+00	2,633E+00	
8,777E+00	2,226E+00	
8,789E+00	1,550E+00	
8,801E+00	1,280E+00	
8,813E+00	8,633E-01	
8,826E+00	7,203E-01	
8,838E+00	2,373E+00	
8,850E+00	2,379E+00	
8,862E+00	2,261E+00	
8,875E+00	1,872E+00	
8,887E+00	7,410E-01	
8,899E+00	3,675E-01	
8,911E+00	1,917E+00	
8,923E+00	1,933E+00	
8,936E+00	2,550E+00	
8,948E+00	2,389E+00	
8,960E+00	1,566E+00	
8,972E+00	1,027E+00	
8,984E+00	1,515E+00	
8,997E+00	1,246E+00	
9,009E+00	2,355E+00	
9,021E+00	2,229E+00	
9,033E+00	1,776E+00	
9,045E+00	1,730E+00	
9,058E+00	9,618E-01	
9,070E+00	9,388E-01	
9,082E+00	2,014E+00	
9,094E+00	1,975E+00	
9,106E+00	2,070E+00	
9,119E+00	1,882E+00	
9,131E+00	1,028E+00	
9,143E+00	1,104E+00	
9,155E+00	1,640E+00	
9,167E+00	1,555E+00	
9,180E+00	2,184E+00	
9,192E+00	2,055E+00	
9,204E+00	1,402E+00	
9,216E+00	1,464E+00	
9,229E+00	1,191E+00	
9,241E+00	1,202E+00	
9,253E+00	1,642E+00	
9,265E+00	1,851E+00	
9,277E+00	1,555E+00	
9,290E+00	1,363E+00	
9,302E+00	8,955E-01	
9,314E+00	1,090E+00	
9,326E+00	1,205E+00	
9,338E+00	1,306E+00	
9,351E+00	1,049E+00	
9,363E+00	1,510E+00	
9,375E+00	1,080E+00	
9,387E+00	1,055E+00	
9,399E+00	1,119E+00	
9,412E+00	1,500E+00	
9,424E+00	1,037E+00	
9,436E+00	1,425E+00	
9,448E+00	5,295E-01	
9,460E+00	8,722E-01	
9,473E+00	5,549E-01	
9,485E+00	1,184E+00	
9,497E+00	1,192E+00	
9,509E+00	1,694E+00	
9,521E+00	6,499E-01	
9,534E+00	1,496E+00	
9,546E+00	1,526E-01	
9,558E+00	5,474E-01	
9,570E+00	1,064E+00	
9,583E+00	1,578E+00	
9,595E+00	1,139E+00	
9,607E+00	2,194E+00	
9,619E+00	8,132E-01	
9,631E+00	1,187E+00	
9,644E+00	5,253E-01	
9,656E+00	1,015E+00	
9,668E+00	1,167E+00	
9,680E+00	2,291E+00	
9,692E+00	1,224E+00	
9,705E+00	2,024E+00	
9,717E+00	9,214E-01	
9,729E+00	4,010E-01	
9,741E+00	7,582E-01	
9,753E+00	1,935E+00	
9,766E+00	1,485E+00	
9,778E+00	2,594E+00	
9,790E+00	1,472E+00	
9,802E+00	1,398E+00	
9,814E+00	4,797E-01	
9,827E+00	1,031E+00	
9,839E+00	1,216E+00	
9,851E+00	2,436E+00	
9,863E+00	1,627E+00	
9,875E+00	2,158E+00	
9,888E+00	1,221E+00	
9,900E+00	3,120E-01	
9,912E+00	7,445E-01	
9,924E+00	1,884E+00	
9,937E+00	1,382E+00	
9,949E+00	2,502E+00	
9,961E+00	1,673E+00	
9,973E+00	1,289E+00	
9,985E+00	6,028E-01	
9,998E+00	7,967E-01	
1,001E+01	1,033E+00	
1,002E+01	2,145E+00	
1,003E+01	1,688E+00	
1,005E+01	2,049E+00	
1,006E+01	1,226E+00	
1,007E+01	4,314E-01	
1,008E+01	6,979E-01	
1,010E+01	1,281E+00	
1,011E+01	1,349E+00	
1,012E+01	2,231E+00	
1,013E+01	1,509E+00	
1,014E+01	1,477E+00	
1,016E+01	7,257E-01	
1,017E+01	4,684E-01	
1,018E+01	9,595E-01	
1,019E+01	1,929E+00	
1,021E+01	1,326E+00	
1,022E+01	1,993E+00	
1,023E+01	1,126E+00	
1,024E+01	4,753E-01	
1,025E+01	6,262E-01	
1,027E+01	1,322E+00	
1,028E+01	9,750E-01	
1,029E+01	2,180E+00	
1,030E+01	1,400E+00	
1,031E+01	1,464E+00	
1,033E+01	8,612E-01	
1,034E+01	5,554E-01	
1,035E+01	4,174E-01	
1,036E+01	1,935E+00	
1,038E+01	9,065E-01	
1,039E+01	1,667E+00	
1,040E+01	1,102E+00	
1,041E+01	5,164E-01	
1,042E+01	3,589E-01	
1,044E+01	1,528E+00	
1,045E+01	6,106E-01	
1,046E+01	1,568E+00	
1,047E+01	1,291E+00	
1,049E+01	6,578E-01	
1,050E+01	8,656E-01	
1,051E+01	9,778E-01	
1,052E+01	3,941E-01	
1,053E+01	1,851E+00	
1,055E+01	1,271E+00	
1,056E+01	1,016E+00	
1,057E+01	1,184E+00	
1,058E+01	5,610E-01	
1,060E+01	3,035E-01	
1,061E+01	1,278E+00	
1,062E+01	1,167E+00	
1,063E+01	9,837E-01	
1,064E+01	1,568E+00	
1,066E+01	3,237E-01	
1,067E+01	8,059E-01	
1,068E+01	9,835E-01	
1,069E+01	8,146E-01	
1,071E+01	1,000E+00	
1,072E+01	1,521E+00	
1,073E+01	5,061E-01	
1,074E+01	1,408E+00	
1,075E+01	8,462E-01	
1,077E+01	1,632E-01	
1,078E+01	8,711E-01	
1,079E+01	1,502E+00	
1,080E+01	8,101E-01	
1,082E+01	1,687E+00	
1,083E+01	1,236E+00	
1,084E+01	7,739E-01	
1,085E+01	7,617E-01	
1,086E+01	9,592E-01	
1,088E+01	7,534E-01	
1,089E+01	1,822E+00	
1,090E+01	1,372E+00	
1,091E+01	1,400E+00	
1,093E+01	1,070E+00	
1,094E+01	4,014E-01	
1,095E+01	3,615E-01	
1,096E+01	1,420E+00	
1,097E+01	1,274E+00	
1,099E+01	1,428E+00	
1,100E+01	1,358E+00	
1,101E+01	5,390E-01	
1,102E+01	2,916E-01	
1,104E+01	7,530E-01	
1,105E+01	8,635E-01	
1,106E+01	1,392E+00	
1,107E+01	1,564E+00	
1,108E+01	8,874E-01	
1,110E+01	6,837E-01	
1,111E+01	3,022E-01	
1,112E+01	6,698E-01	
1,113E+01	1,041E+00	
1,115E+01	1,301E+00	
1,116E+01	1,260E+00	
1,117E+01	8,740E-01	
1,118E+01	6,350E-01	
1,119E+01	4,605E-01	
1,121E+01	7,480E-01	
1,122E+01	1,246E+00	
1,123E+01	1,495E+00	
1,124E+01	1,121E+00	
1,125E+01	1,198E+00	
1,127E+01	2,981E-01	
1,128E+01	1,427E-01	
1,129E+01	9,889E-01	
1,130E+01	1,469E+00	
1,132E+01	1,299E+00	
1,133E+01	1,717E+00	
1,134E+01	5,575E-01	
1,135E+01	7,172E-01	
1,136E+01	9,870E-01	
1,138E+01	8,458E-01	
1,139E+01	1,325E+00	
1,140E+01	2,106E+00	
1,141E+01	9,207E-01	
1,143E+01	1,458E+00	
1,144E+01	9,906E-01	
1,145E+01	3,099E-01	
1,146E+01	1,223E+00	
1,147E+01	2,025E+00	
1,149E+01	9,798E-01	
1,150E+01	1,922E+00	
1,151E+01	1,349E+00	
1,152E+01	6,086E-01	
1,154E+01	1,263E+00	
1,155E+01	1,463E+00	
1,156E+01	1,012E+00	
1,157E+01	2,198E+00	
1,158E+01	1,123E+00	
1,160E+01	1,250E+00	
1,161E+01	1,305E+00	
1,162E+01	6,499E-01	
1,163E+01	1,117E+00	
1,165E+01	1,999E+00	
1,166E+01	9,686E-01	
1,167E+01	1,840E+00	
1,168E+01	1,332E+00	
1,169E+01	3,442E-01	
1,171E+01	1,008E+00	
1,172E+01	1,339E+00	
1,173E+01	7,680E-01	
1,174E+01	1,879E+00	
1,176E+01	1,087E+00	
1,177E+01	7,713E-01	
1,178E+01	8,907E-01	
1,179E+01	8,989E-01	
1,180E+01	5,311E-01	
1,182E+01	1,638E+00	
1,183E+01	8,426E-01	
1,184E+01	1,170E+00	
1,185E+01	7,844E-01	
1,187E+01	4,507E-01	
1,188E+01	3,919E-01	
1,189E+01	1,249E+00	
1,190E+01	8,130E-01	
1,191E+01	1,391E+00	
1,193E+01	6,473E-01	
1,194E+01	4,886E-01	
1,195E+01	2,594E-01	
1,196E+01	9,312E-01	
1,198E+01	8,049E-01	
1,199E+01	1,567E+00	
1,200E+01	5,196E-01	
1,201E+01	9,623E-01	
1,202E+01	1,211E-01	
1,204E+01	9,085E-01	
1,205E+01	6,300E-01	
1,206E+01	1,280E+00	
1,207E+01	6,247E-01	
1,208E+01	1,311E+00	
1,210E+01	2,074E-01	
1,211E+01	9,193E-01	
1,212E+01	6,793E-01	
1,213E+01	1,523E+00	
1,215E+01	6,343E-01	
1,216E+01	1,339E+00	
1,217E+01	2,307E-01	
1,218E+01	1,226E+00	
1,219E+01	6,157E-01	
1,221E+01	1,523E+00	
1,222E+01	8,708E-01	
1,223E+01	1,816E+00	
1,224E+01	4,228E-01	
1,226E+01	1,693E+00	
1,227E+01	5,991E-01	
1,228E+01	1,801E+00	
1,229E+01	9,036E-01	
1,230E+01	2,208E+00	
1,232E+01	6,449E-01	
1,233E+01	1,972E+00	
1,234E+01	4,146E-01	
1,235E+01	1,809E+00	
1,237E+01	8,105E-01	
1,238E+01	2,369E+00	
1,239E+01	6,559E-01	
1,240E+01	2,143E+00	
1,241E+01	2,168E-01	
1,243E+01	2,006E+00	
1,244E+01	6,562E-01	
1,245E+01	2,412E+00	
1,246E+01	7,801E-01	
1,248E+01	2,365E+00	
1,249E+01	3,224E-01	
