[front_panel]
mode=T1 - R1
output=10 dB
gain=15 dB
probe1=2 MHz
probe2=no probe

[measure]
selection=1
samplerate=2
begin=0
end=150
sound speed=2750
units=0

[ascan]
fft filter=0
fft middle=1
fft width=1
fft gate=0
cepstrum filter=0
cepstrum middle=0
cepstrum width=20
cepstrum gate=20

Frequency [MHz]	FFT	
0,000E+00	3,816E+00	
1,221E-02	1,531E+00	
2,441E-02	2,095E+00	
3,662E-02	1,451E+00	
4,883E-02	1,227E+00	
6,104E-02	1,472E+00	
7,324E-02	9,344E-01	
8,545E-02	1,133E+00	
9,766E-02	8,990E-01	
1,099E-01	1,087E+00	
1,221E-01	1,021E+00	
1,343E-01	1,114E+00	
1,465E-01	1,137E+00	
1,587E-01	1,245E+00	
1,709E-01	9,427E-01	
1,831E-01	1,139E+00	
1,953E-01	6,740E-01	
2,075E-01	1,084E+00	
2,197E-01	9,289E-01	
2,319E-01	1,271E+00	
2,441E-01	9,914E-01	
2,563E-01	8,002E-01	
2,686E-01	7,908E-01	
2,808E-01	5,971E-01	
2,930E-01	5,603E-01	
3,052E-01	9,309E-01	
3,174E-01	8,972E-01	
3,296E-01	9,995E-01	
3,418E-01	7,292E-01	
3,540E-01	5,468E-01	
3,662E-01	5,619E-01	
3,784E-01	7,983E-01	
3,906E-01	4,621E-01	
4,028E-01	8,482E-01	
4,150E-01	7,538E-01	
4,272E-01	5,971E-01	
4,395E-01	6,730E-01	
4,517E-01	7,359E-01	
4,639E-01	3,244E-01	
4,761E-01	3,718E-01	
4,883E-01	6,292E-01	
5,005E-01	3,419E-01	
5,127E-01	7,073E-01	
5,249E-01	5,429E-01	
5,371E-01	4,605E-01	
5,493E-01	1,886E-01	
5,615E-01	6,496E-01	
5,737E-01	7,768E-01	
5,859E-01	7,522E-01	
5,981E-01	5,726E-01	
6,104E-01	2,449E-01	
6,226E-01	4,065E-01	
6,348E-01	5,407E-01	
6,470E-01	5,245E-01	
6,592E-01	5,565E-01	
6,714E-01	8,788E-01	
6,836E-01	5,052E-01	
6,958E-01	4,915E-01	
7,080E-01	4,008E-01	
7,202E-01	6,839E-01	
7,324E-01	9,506E-01	
7,446E-01	7,504E-01	
7,568E-01	9,530E-01	
7,690E-01	9,519E-01	
7,813E-01	9,814E-01	
7,935E-01	5,060E-01	
8,057E-01	6,848E-01	
8,179E-01	8,662E-01	
8,301E-01	1,205E+00	
8,423E-01	7,832E-01	
8,545E-01	1,157E+00	
8,667E-01	1,213E+00	
8,789E-01	1,340E+00	
8,911E-01	1,601E+00	
9,033E-01	1,052E+00	
9,155E-01	1,286E+00	
9,277E-01	1,925E+00	
9,399E-01	1,788E+00	
9,521E-01	1,306E+00	
9,644E-01	1,109E+00	
9,766E-01	1,622E+00	
9,888E-01	1,958E+00	
1,001E+00	1,780E+00	
1,013E+00	1,763E+00	
1,025E+00	2,007E+00	
1,038E+00	1,761E+00	
1,050E+00	2,110E+00	
1,062E+00	2,334E+00	
1,074E+00	2,663E+00	
1,086E+00	1,912E+00	
1,099E+00	1,911E+00	
1,111E+00	1,831E+00	
1,123E+00	2,840E+00	
1,135E+00	3,954E+00	
1,147E+00	2,880E+00	
1,160E+00	2,743E+00	
1,172E+00	1,907E+00	
1,184E+00	2,749E+00	
1,196E+00	3,608E+00	
1,208E+00	2,956E+00	
1,221E+00	4,150E+00	
1,233E+00	2,723E+00	
1,245E+00	3,314E+00	
1,257E+00	3,930E+00	
1,270E+00	4,012E+00	
1,282E+00	4,706E+00	
1,294E+00	3,564E+00	
1,306E+00	3,914E+00	
1,318E+00	5,169E+00	
1,331E+00	5,068E+00	
1,343E+00	3,986E+00	
1,355E+00	3,568E+00	
1,367E+00	4,929E+00	
1,379E+00	7,521E+00	
1,392E+00	5,898E+00	
1,404E+00	6,167E+00	
1,416E+00	4,360E+00	
1,428E+00	4,685E+00	
1,440E+00	5,186E+00	
1,453E+00	6,461E+00	
1,465E+00	6,151E+00	
1,477E+00	8,145E+00	
1,489E+00	9,762E+00	
1,501E+00	1,168E+01	
1,514E+00	1,555E+01	
1,526E+00	1,080E+01	
1,538E+00	2,850E+00	
1,550E+00	3,769E+00	
1,563E+00	6,318E+00	
1,575E+00	1,309E+01	
1,587E+00	1,799E+01	
1,599E+00	1,734E+01	
1,611E+00	1,286E+01	
1,624E+00	7,417E+00	
1,636E+00	5,549E+00	
1,648E+00	8,204E+00	
1,660E+00	1,824E+01	
1,672E+00	2,109E+01	
1,685E+00	1,550E+01	
1,697E+00	1,182E+01	
1,709E+00	6,449E+00	
1,721E+00	7,893E+00	
1,733E+00	1,947E+01	
1,746E+00	1,741E+01	
1,758E+00	1,602E+01	
1,770E+00	1,586E+01	
1,782E+00	8,332E+00	
1,794E+00	7,340E+00	
1,807E+00	1,470E+01	
1,819E+00	9,861E+00	
1,831E+00	8,981E+00	
1,843E+00	7,932E+00	
1,855E+00	8,380E+00	
1,868E+00	1,427E+01	
1,880E+00	1,485E+01	
1,892E+00	1,267E+01	
1,904E+00	7,445E+00	
1,917E+00	8,690E+00	
1,929E+00	1,540E+01	
1,941E+00	1,505E+01	
1,953E+00	1,012E+01	
1,965E+00	9,172E+00	
1,978E+00	8,312E+00	
1,990E+00	3,985E+00	
2,002E+00	9,904E+00	
2,014E+00	1,498E+01	
2,026E+00	1,636E+01	
2,039E+00	1,560E+01	
2,051E+00	1,076E+01	
2,063E+00	6,992E+00	
2,075E+00	1,034E+01	
2,087E+00	1,303E+01	
2,100E+00	1,638E+01	
2,112E+00	1,661E+01	
2,124E+00	1,313E+01	
2,136E+00	8,874E+00	
2,148E+00	5,921E+00	
2,161E+00	5,822E+00	
2,173E+00	7,758E+00	
2,185E+00	1,021E+01	
2,197E+00	1,071E+01	
2,209E+00	1,038E+01	
2,222E+00	1,081E+01	
2,234E+00	8,570E+00	
2,246E+00	5,895E+00	
2,258E+00	5,335E+00	
2,271E+00	5,831E+00	
2,283E+00	6,163E+00	
2,295E+00	6,397E+00	
2,307E+00	6,441E+00	
2,319E+00	8,826E+00	
2,332E+00	8,915E+00	
2,344E+00	6,553E+00	
2,356E+00	3,649E+00	
2,368E+00	3,066E-01	
2,380E+00	1,445E+00	
2,393E+00	2,990E+00	
2,405E+00	5,740E+00	
2,417E+00	6,724E+00	
2,429E+00	7,499E+00	
2,441E+00	3,830E+00	
2,454E+00	3,142E+00	
2,466E+00	4,824E+00	
2,478E+00	5,422E+00	
2,490E+00	6,534E+00	
2,502E+00	6,813E+00	
2,515E+00	9,224E+00	
2,527E+00	1,036E+01	
2,539E+00	1,216E+01	
2,551E+00	1,323E+01	
2,563E+00	1,143E+01	
2,576E+00	8,033E+00	
2,588E+00	8,280E+00	
2,600E+00	9,326E+00	
2,612E+00	1,107E+01	
2,625E+00	1,420E+01	
2,637E+00	1,363E+01	
2,649E+00	1,131E+01	
2,661E+00	9,584E+00	
2,673E+00	9,318E+00	
2,686E+00	8,393E+00	
2,698E+00	7,683E+00	
2,710E+00	7,724E+00	
2,722E+00	5,920E+00	
2,734E+00	4,212E+00	
2,747E+00	5,132E+00	
2,759E+00	7,382E+00	
2,771E+00	8,111E+00	
2,783E+00	6,349E+00	
2,795E+00	5,896E+00	
2,808E+00	5,246E+00	
2,820E+00	4,552E+00	
2,832E+00	3,043E+00	
2,844E+00	5,422E+00	
2,856E+00	6,340E+00	
2,869E+00	4,973E+00	
2,881E+00	3,526E+00	
2,893E+00	2,094E+00	
2,905E+00	1,636E+00	
2,917E+00	2,777E+00	
2,930E+00	5,220E+00	
2,942E+00	7,179E+00	
2,954E+00	8,650E+00	
2,966E+00	8,916E+00	
2,979E+00	7,761E+00	
2,991E+00	5,300E+00	
3,003E+00	3,888E+00	
3,015E+00	4,153E+00	
3,027E+00	5,784E+00	
3,040E+00	6,682E+00	
3,052E+00	7,733E+00	
3,064E+00	6,693E+00	
3,076E+00	5,464E+00	
3,088E+00	3,359E+00	
3,101E+00	2,434E+00	
3,113E+00	1,572E+00	
3,125E+00	1,915E+00	
3,137E+00	2,877E+00	
3,149E+00	3,250E+00	
3,162E+00	2,010E+00	
3,174E+00	1,489E+00	
3,186E+00	2,480E+00	
3,198E+00	2,409E+00	
3,210E+00	1,773E+00	
3,223E+00	7,496E-01	
3,235E+00	8,529E-01	
3,247E+00	1,305E+00	
3,259E+00	1,031E+00	
3,271E+00	1,027E+00	
3,284E+00	1,618E+00	
3,296E+00	1,687E+00	
3,308E+00	1,924E+00	
3,320E+00	1,667E+00	
3,333E+00	2,022E+00	
3,345E+00	1,261E+00	
3,357E+00	7,661E-01	
3,369E+00	7,596E-01	
3,381E+00	7,190E-01	
3,394E+00	1,314E+00	
3,406E+00	1,697E+00	
3,418E+00	2,370E+00	
3,430E+00	2,077E+00	
3,442E+00	1,937E+00	
3,455E+00	5,367E-01	
3,467E+00	5,658E-01	
3,479E+00	9,133E-01	
3,491E+00	1,587E+00	
3,503E+00	1,641E+00	
3,516E+00	1,986E+00	
3,528E+00	1,240E+00	
3,540E+00	1,145E+00	
3,552E+00	1,300E+00	
3,564E+00	9,374E-01	
3,577E+00	1,556E+00	
3,589E+00	1,356E+00	
3,601E+00	1,633E+00	
3,613E+00	7,027E-01	
3,625E+00	1,420E+00	
3,638E+00	1,542E+00	
3,650E+00	1,571E+00	
3,662E+00	1,596E+00	
3,674E+00	1,649E+00	
3,687E+00	1,761E+00	
3,699E+00	1,971E+00	
3,711E+00	9,461E-01	
3,723E+00	9,219E-01	
3,735E+00	1,030E+00	
3,748E+00	1,750E+00	
3,760E+00	1,654E+00	
3,772E+00	2,140E+00	
3,784E+00	1,864E+00	
3,796E+00	1,096E+00	
3,809E+00	1,693E+00	
3,821E+00	1,201E+00	
3,833E+00	1,286E+00	
3,845E+00	1,286E+00	
3,857E+00	1,695E+00	
3,870E+00	1,714E+00	
3,882E+00	1,663E+00	
3,894E+00	1,668E+00	
3,906E+00	1,743E+00	
3,918E+00	1,296E+00	
3,931E+00	1,651E+00	
3,943E+00	1,177E+00	
3,955E+00	1,342E+00	
3,967E+00	1,578E+00	
3,979E+00	1,674E+00	
3,992E+00	1,625E+00	
4,004E+00	1,174E+00	
4,016E+00	1,502E+00	
4,028E+00	1,563E+00	
4,041E+00	1,780E+00	
4,053E+00	1,409E+00	
4,065E+00	1,263E+00	
4,077E+00	1,462E+00	
4,089E+00	1,471E+00	
4,102E+00	1,065E+00	
4,114E+00	1,867E+00	
4,126E+00	1,328E+00	
4,138E+00	1,626E+00	
4,150E+00	2,037E+00	
4,163E+00	1,241E+00	
4,175E+00	9,688E-01	
4,187E+00	1,394E+00	
4,199E+00	1,201E+00	
4,211E+00	1,458E+00	
4,224E+00	1,591E+00	
4,236E+00	1,886E+00	
4,248E+00	1,446E+00	
4,260E+00	1,301E+00	
4,272E+00	1,388E+00	
4,285E+00	1,359E+00	
4,297E+00	1,336E+00	
4,309E+00	1,231E+00	
4,321E+00	1,765E+00	
4,333E+00	1,336E+00	
4,346E+00	1,282E+00	
4,358E+00	1,135E+00	
4,370E+00	1,772E+00	
4,382E+00	1,043E+00	
4,395E+00	1,591E+00	
4,407E+00	1,307E+00	
4,419E+00	1,279E+00	
4,431E+00	1,286E+00	
4,443E+00	1,043E+00	
4,456E+00	1,581E+00	
4,468E+00	9,715E-01	
4,480E+00	1,902E+00	
4,492E+00	1,317E+00	
4,504E+00	1,202E+00	
4,517E+00	1,100E+00	
4,529E+00	1,304E+00	
4,541E+00	1,355E+00	
4,553E+00	1,410E+00	
4,565E+00	1,002E+00	
4,578E+00	1,526E+00	
4,590E+00	1,423E+00	
4,602E+00	1,330E+00	
4,614E+00	9,469E-01	
4,626E+00	1,138E+00	
4,639E+00	1,022E+00	
4,651E+00	1,532E+00	
4,663E+00	1,158E+00	
4,675E+00	1,619E+00	
4,688E+00	8,782E-01	
4,700E+00	1,214E+00	
4,712E+00	8,674E-01	
4,724E+00	1,431E+00	
4,736E+00	1,488E+00	
4,749E+00	1,205E+00	
4,761E+00	9,301E-01	
4,773E+00	1,229E+00	
4,785E+00	1,258E+00	
4,797E+00	1,162E+00	
4,810E+00	1,139E+00	
4,822E+00	1,231E+00	
4,834E+00	1,468E+00	
4,846E+00	1,121E+00	
4,858E+00	1,222E+00	
4,871E+00	1,155E+00	
4,883E+00	1,060E+00	
4,895E+00	1,035E+00	
4,907E+00	1,296E+00	
4,919E+00	1,064E+00	
4,932E+00	1,778E+00	
4,944E+00	1,010E+00	
4,956E+00	1,114E+00	
4,968E+00	1,043E+00	
4,980E+00	1,245E+00	
4,993E+00	1,232E+00	
5,005E+00	1,244E+00	
5,017E+00	1,038E+00	
5,029E+00	1,196E+00	
5,042E+00	1,334E+00	
5,054E+00	8,213E-01	
5,066E+00	1,387E+00	
5,078E+00	9,141E-01	
5,090E+00	1,412E+00	
5,103E+00	1,214E+00	
5,115E+00	1,418E+00	
5,127E+00	8,848E-01	
5,139E+00	7,508E-01	
5,151E+00	9,385E-01	
5,164E+00	1,492E+00	
5,176E+00	9,730E-01	
5,188E+00	1,516E+00	
5,200E+00	1,142E+00	
5,212E+00	8,746E-01	
5,225E+00	7,109E-01	
5,237E+00	1,061E+00	
5,249E+00	9,476E-01	
5,261E+00	1,140E+00	
5,273E+00	1,230E+00	
5,286E+00	8,823E-01	
5,298E+00	1,027E+00	
5,310E+00	5,234E-01	
5,322E+00	1,196E+00	
5,334E+00	1,138E+00	
5,347E+00	8,177E-01	
5,359E+00	8,259E-01	
5,371E+00	1,056E+00	
5,383E+00	1,004E+00	
5,396E+00	2,584E-01	
5,408E+00	9,477E-01	
5,420E+00	9,176E-01	
5,432E+00	8,183E-01	
5,444E+00	8,405E-01	
5,457E+00	1,076E+00	
5,469E+00	7,793E-01	
5,481E+00	3,786E-01	
5,493E+00	6,035E-01	
5,505E+00	5,449E-01	
5,518E+00	1,141E+00	
5,530E+00	4,577E-01	
5,542E+00	9,809E-01	
5,554E+00	4,602E-01	
5,566E+00	3,397E-01	
5,579E+00	5,202E-01	
5,591E+00	5,558E-01	
5,603E+00	5,182E-01	
5,615E+00	7,082E-01	
5,627E+00	6,731E-01	
5,640E+00	5,597E-01	
5,652E+00	4,949E-01	
5,664E+00	4,556E-01	
5,676E+00	3,678E-01	
5,688E+00	6,046E-01	
5,701E+00	4,184E-01	
5,713E+00	3,557E-01	
5,725E+00	2,474E-01	
5,737E+00	7,639E-01	
5,750E+00	2,561E-01	
5,762E+00	5,226E-01	
5,774E+00	1,143E-01	
5,786E+00	7,317E-01	
5,798E+00	2,908E-01	
5,811E+00	6,085E-01	
5,823E+00	1,717E-01	
5,835E+00	2,057E-01	
5,847E+00	3,340E-01	
5,859E+00	1,720E-01	
5,872E+00	4,948E-01	
5,884E+00	5,049E-01	
5,896E+00	3,145E-01	
5,908E+00	5,036E-01	
5,920E+00	1,445E-01	
5,933E+00	2,161E-01	
5,945E+00	3,280E-01	
5,957E+00	2,642E-01	
5,969E+00	5,509E-01	
5,981E+00	2,473E-01	
5,994E+00	2,088E-01	
6,006E+00	1,466E-01	
6,018E+00	2,167E-01	
6,030E+00	1,145E-01	
6,042E+00	1,681E-01	
6,055E+00	2,220E-01	
6,067E+00	1,049E-01	
6,079E+00	2,139E-01	
6,091E+00	3,524E-01	
6,104E+00	2,880E-01	
6,116E+00	3,533E-02	
6,128E+00	3,342E-01	
6,140E+00	2,225E-01	
6,152E+00	1,530E-01	
6,165E+00	4,834E-01	
6,177E+00	1,553E-01	
6,189E+00	5,152E-01	
6,201E+00	2,461E-01	
6,213E+00	2,351E-01	
6,226E+00	6,021E-02	
6,238E+00	1,685E-01	
6,250E+00	4,517E-01	
6,262E+00	5,641E-01	
6,274E+00	1,646E-01	
6,287E+00	7,691E-01	
6,299E+00	1,631E-01	
6,311E+00	3,459E-01	
6,323E+00	6,553E-02	
6,335E+00	6,774E-02	
6,348E+00	4,175E-01	
6,360E+00	6,460E-01	
6,372E+00	3,100E-01	
6,384E+00	4,597E-01	
6,396E+00	2,747E-01	
6,409E+00	2,152E-01	
6,421E+00	1,762E-01	
6,433E+00	5,734E-01	
6,445E+00	3,438E-01	
6,458E+00	2,811E-01	
6,470E+00	3,382E-01	
6,482E+00	5,406E-01	
6,494E+00	4,356E-01	
6,506E+00	6,060E-01	
6,519E+00	2,942E-01	
6,531E+00	5,865E-01	
6,543E+00	3,800E-01	
6,555E+00	5,486E-01	
6,567E+00	3,061E-01	
6,580E+00	1,906E-01	
6,592E+00	1,842E-01	
6,604E+00	7,922E-01	
6,616E+00	9,121E-01	
6,628E+00	4,464E-01	
6,641E+00	6,944E-01	
6,653E+00	9,094E-01	
6,665E+00	4,290E-01	
6,677E+00	1,441E-01	
6,689E+00	2,485E-01	
6,702E+00	8,789E-01	
6,714E+00	4,996E-01	
6,726E+00	7,604E-01	
6,738E+00	7,886E-01	
6,750E+00	1,007E+00	
6,763E+00	5,305E-01	
6,775E+00	5,170E-01	
6,787E+00	3,419E-01	
6,799E+00	9,300E-01	
6,812E+00	1,176E+00	
6,824E+00	7,151E-01	
6,836E+00	6,359E-01	
6,848E+00	6,559E-01	
6,860E+00	1,083E+00	
6,873E+00	8,420E-01	
6,885E+00	1,064E+00	
6,897E+00	7,607E-01	
6,909E+00	7,977E-01	
6,921E+00	9,627E-01	
6,934E+00	5,524E-01	
6,946E+00	8,089E-01	
6,958E+00	1,144E+00	
6,970E+00	1,010E+00	
6,982E+00	9,791E-01	
6,995E+00	1,081E+00	
7,007E+00	1,397E+00	
7,019E+00	1,037E+00	
7,031E+00	8,303E-01	
7,043E+00	6,310E-01	
7,056E+00	6,668E-01	
7,068E+00	9,842E-01	
7,080E+00	1,161E+00	
7,092E+00	1,476E+00	
7,104E+00	1,084E+00	
7,117E+00	1,060E+00	
7,129E+00	1,125E+00	
7,141E+00	6,575E-01	
7,153E+00	8,208E-01	
7,166E+00	7,649E-01	
7,178E+00	8,021E-01	
7,190E+00	1,148E+00	
7,202E+00	6,742E-01	
7,214E+00	1,001E+00	
7,227E+00	8,687E-01	
7,239E+00	7,638E-01	
7,251E+00	9,465E-01	
7,263E+00	6,553E-01	
7,275E+00	1,090E+00	
7,288E+00	5,847E-01	
7,300E+00	6,540E-01	
7,312E+00	9,425E-01	
7,324E+00	6,341E-01	
7,336E+00	6,443E-01	
7,349E+00	8,402E-01	
7,361E+00	1,027E+00	
7,373E+00	7,675E-01	
7,385E+00	6,257E-01	
7,397E+00	7,414E-01	
7,410E+00	1,379E-01	
7,422E+00	6,352E-01	
7,434E+00	3,471E-01	
7,446E+00	8,531E-01	
7,458E+00	9,227E-01	
7,471E+00	8,244E-01	
7,483E+00	6,180E-01	
7,495E+00	3,817E-01	
7,507E+00	5,018E-01	
7,520E+00	3,442E-01	
7,532E+00	5,889E-01	
7,544E+00	8,846E-01	
7,556E+00	3,261E-01	
7,568E+00	6,723E-01	
7,581E+00	6,586E-01	
7,593E+00	6,716E-01	
7,605E+00	6,833E-01	
7,617E+00	1,404E-01	
7,629E+00	3,735E-01	
7,642E+00	8,603E-01	
7,654E+00	1,927E-01	
7,666E+00	5,488E-01	
7,678E+00	6,173E-01	
7,690E+00	3,483E-01	
7,703E+00	3,792E-01	
7,715E+00	8,532E-01	
7,727E+00	4,329E-01	
7,739E+00	5,630E-01	
7,751E+00	2,911E-01	
7,764E+00	3,573E-01	
7,776E+00	3,202E-01	
7,788E+00	4,491E-01	
7,800E+00	7,284E-01	
7,813E+00	6,776E-01	
7,825E+00	3,967E-01	
7,837E+00	5,188E-01	
7,849E+00	8,051E-02	
7,861E+00	2,870E-01	
7,874E+00	4,585E-01	
7,886E+00	5,956E-01	
7,898E+00	7,843E-01	
7,910E+00	4,655E-01	
7,922E+00	3,239E-01	
7,935E+00	4,739E-01	
7,947E+00	7,416E-01	
7,959E+00	3,574E-01	
7,971E+00	4,046E-01	
7,983E+00	1,305E-01	
7,996E+00	3,726E-01	
8,008E+00	4,717E-01	
8,020E+00	3,973E-01	
8,032E+00	5,745E-01	
8,044E+00	3,270E-01	
8,057E+00	1,430E-01	
8,069E+00	6,904E-01	
8,081E+00	2,251E-01	
8,093E+00	1,486E-01	
8,105E+00	4,678E-01	
8,118E+00	3,265E-01	
8,130E+00	5,434E-01	
8,142E+00	6,022E-01	
8,154E+00	5,261E-01	
8,167E+00	4,796E-01	
8,179E+00	3,210E-01	
8,191E+00	1,494E-01	
8,203E+00	3,220E-01	
8,215E+00	3,691E-01	
8,228E+00	6,930E-01	
8,240E+00	5,587E-01	
8,252E+00	6,994E-01	
8,264E+00	4,253E-01	
8,276E+00	2,216E-01	
8,289E+00	3,609E-01	
8,301E+00	5,234E-01	
8,313E+00	4,021E-01	
8,325E+00	3,372E-01	
8,337E+00	7,332E-01	
8,350E+00	8,704E-02	
8,362E+00	5,317E-01	
8,374E+00	4,007E-01	
8,386E+00	5,411E-01	
8,398E+00	1,805E-01	
8,411E+00	4,953E-01	
8,423E+00	5,470E-01	
8,435E+00	1,627E-01	
8,447E+00	2,984E-01	
8,459E+00	3,146E-01	
8,472E+00	6,644E-01	
8,484E+00	4,769E-01	
8,496E+00	4,784E-01	
8,508E+00	6,054E-01	
8,521E+00	3,073E-01	
8,533E+00	1,338E-01	
8,545E+00	2,156E-01	
8,557E+00	7,921E-01	
8,569E+00	4,729E-01	
8,582E+00	5,720E-01	
8,594E+00	5,074E-01	
8,606E+00	5,605E-01	
8,618E+00	2,362E-01	
8,630E+00	3,251E-01	
8,643E+00	2,263E-01	
8,655E+00	5,244E-01	
8,667E+00	6,156E-01	
8,679E+00	5,230E-01	
8,691E+00	3,983E-01	
8,704E+00	6,144E-01	
8,716E+00	3,941E-01	
8,728E+00	3,802E-01	
8,740E+00	7,112E-02	
8,752E+00	6,511E-01	
8,765E+00	2,533E-01	
8,777E+00	7,695E-01	
8,789E+00	5,446E-02	
8,801E+00	6,437E-01	
8,813E+00	2,095E-01	
8,826E+00	8,341E-01	
8,838E+00	1,572E-01	
8,850E+00	6,649E-01	
8,862E+00	3,517E-01	
8,875E+00	4,599E-01	
8,887E+00	4,003E-01	
8,899E+00	1,362E-01	
8,911E+00	8,040E-01	
8,923E+00	5,688E-01	
8,936E+00	6,396E-01	
8,948E+00	4,197E-01	
8,960E+00	5,092E-01	
8,972E+00	9,535E-02	
8,984E+00	4,077E-01	
8,997E+00	2,357E-01	
9,009E+00	8,000E-01	
9,021E+00	6,217E-01	
9,033E+00	4,500E-01	
9,045E+00	5,667E-01	
9,058E+00	1,775E-01	
9,070E+00	5,235E-01	
9,082E+00	1,493E-01	
9,094E+00	6,893E-01	
9,106E+00	4,511E-01	
9,119E+00	6,015E-01	
9,131E+00	2,446E-01	
9,143E+00	4,059E-01	
9,155E+00	5,622E-01	
9,167E+00	2,557E-01	
9,180E+00	5,099E-01	
9,192E+00	5,163E-01	
9,204E+00	4,917E-01	
9,216E+00	2,614E-01	
9,229E+00	3,860E-01	
9,241E+00	3,336E-01	
9,253E+00	4,238E-01	
9,265E+00	6,993E-01	
9,277E+00	2,919E-01	
9,290E+00	6,819E-01	
9,302E+00	3,448E-02	
9,314E+00	4,785E-01	
9,326E+00	4,342E-01	
9,338E+00	3,901E-01	
9,351E+00	5,532E-01	
9,363E+00	5,132E-01	
9,375E+00	3,423E-01	
9,387E+00	3,518E-01	
9,399E+00	4,215E-01	
9,412E+00	1,744E-01	
9,424E+00	5,207E-01	
9,436E+00	3,215E-01	
9,448E+00	4,610E-01	
9,460E+00	6,470E-01	
9,473E+00	3,091E-01	
9,485E+00	4,674E-01	
9,497E+00	2,596E-01	
9,509E+00	1,729E-01	
9,521E+00	6,242E-01	
9,534E+00	5,785E-01	
9,546E+00	8,224E-02	
9,558E+00	5,453E-01	
9,570E+00	4,784E-01	
9,583E+00	3,179E-01	
9,595E+00	3,357E-01	
9,607E+00	5,483E-01	
9,619E+00	3,601E-01	
9,631E+00	5,501E-01	
9,644E+00	4,718E-01	
9,656E+00	3,150E-01	
9,668E+00	2,659E-01	
9,680E+00	5,686E-01	
9,692E+00	5,245E-01	
9,705E+00	7,175E-01	
9,717E+00	3,035E-01	
9,729E+00	6,362E-01	
9,741E+00	2,597E-01	
9,753E+00	6,728E-01	
9,766E+00	3,912E-01	
9,778E+00	4,663E-01	
9,790E+00	4,206E-01	
9,802E+00	8,414E-01	
9,814E+00	5,290E-01	
9,827E+00	4,178E-01	
9,839E+00	3,822E-01	
9,851E+00	4,049E-01	
9,863E+00	6,709E-01	
9,875E+00	7,629E-01	
9,888E+00	3,414E-01	
9,900E+00	5,507E-01	
9,912E+00	3,223E-01	
9,924E+00	6,130E-01	
9,937E+00	7,520E-01	
9,949E+00	6,085E-01	
9,961E+00	6,322E-01	
9,973E+00	5,568E-01	
9,985E+00	4,942E-01	
9,998E+00	4,167E-01	
1,001E+01	7,200E-01	
1,002E+01	3,844E-01	
1,003E+01	7,132E-01	
1,005E+01	6,138E-01	
1,006E+01	6,523E-01	
1,007E+01	6,899E-01	
1,008E+01	4,722E-01	
1,010E+01	5,381E-01	
1,011E+01	6,327E-01	
1,012E+01	4,961E-01	
1,013E+01	8,259E-01	
1,014E+01	4,668E-01	
1,016E+01	5,279E-01	
1,017E+01	7,020E-01	
1,018E+01	6,699E-01	
1,019E+01	6,575E-01	
1,021E+01	4,551E-01	
1,022E+01	7,847E-01	
1,023E+01	5,232E-01	
1,024E+01	7,312E-01	
1,025E+01	5,008E-01	
1,027E+01	2,971E-01	
1,028E+01	8,339E-01	
1,029E+01	8,018E-01	
1,030E+01	7,459E-01	
1,031E+01	5,313E-01	
1,033E+01	7,901E-01	
1,034E+01	6,356E-01	
1,035E+01	6,042E-01	
1,036E+01	4,854E-01	
1,038E+01	5,034E-01	
1,039E+01	7,873E-01	
1,040E+01	9,220E-01	
1,041E+01	4,424E-01	
1,042E+01	7,397E-01	
1,044E+01	5,670E-01	
1,045E+01	5,309E-01	
1,046E+01	7,362E-01	
1,047E+01	5,523E-01	
1,049E+01	7,212E-01	
1,050E+01	7,002E-01	
1,051E+01	6,846E-01	
1,052E+01	6,040E-01	
1,053E+01	5,912E-01	
1,055E+01	4,899E-01	
1,056E+01	6,577E-01	
1,057E+01	6,940E-01	
1,058E+01	7,462E-01	
1,060E+01	5,227E-01	
1,061E+01	5,480E-01	
1,062E+01	5,708E-01	
1,063E+01	4,090E-01	
1,064E+01	7,758E-01	
1,066E+01	7,066E-01	
1,067E+01	4,826E-01	
1,068E+01	6,686E-01	
1,069E+01	4,425E-01	
1,071E+01	3,875E-01	
1,072E+01	5,190E-01	
1,073E+01	5,751E-01	
1,074E+01	6,854E-01	
1,075E+01	7,576E-01	
1,077E+01	5,594E-01	
1,078E+01	5,794E-01	
1,079E+01	3,075E-01	
1,080E+01	2,237E-01	
1,082E+01	5,529E-01	
1,083E+01	6,221E-01	
1,084E+01	5,582E-01	
1,085E+01	4,438E-01	
1,086E+01	5,096E-01	
1,088E+01	6,709E-01	
1,089E+01	2,420E-01	
1,090E+01	2,779E-01	
1,091E+01	4,599E-01	
1,093E+01	5,885E-01	
1,094E+01	3,955E-01	
1,095E+01	3,621E-01	
1,096E+01	3,384E-01	
1,097E+01	4,981E-01	
1,099E+01	5,567E-01	
1,100E+01	4,614E-01	
1,101E+01	2,051E-01	
1,102E+01	3,364E-01	
1,104E+01	2,420E-01	
1,105E+01	4,421E-01	
1,106E+01	4,542E-01	
1,107E+01	3,676E-01	
1,108E+01	5,071E-01	
1,110E+01	4,633E-01	
1,111E+01	6,795E-01	
1,112E+01	1,703E-01	
1,113E+01	2,456E-01	
1,115E+01	2,946E-01	
1,116E+01	2,556E-01	
1,117E+01	5,516E-01	
1,118E+01	3,712E-01	
1,119E+01	4,537E-01	
1,121E+01	4,395E-01	
1,122E+01	2,568E-01	
1,123E+01	4,162E-01	
1,124E+01	1,914E-01	
1,125E+01	2,384E-01	
1,127E+01	3,180E-01	
1,128E+01	5,443E-01	
1,129E+01	3,924E-01	
1,130E+01	3,278E-01	
1,132E+01	2,840E-01	
1,133E+01	4,427E-01	
1,134E+01	3,576E-02	
1,135E+01	3,613E-01	
1,136E+01	3,289E-02	
1,138E+01	4,312E-01	
1,139E+01	2,149E-01	
1,140E+01	2,842E-01	
1,141E+01	2,395E-01	
1,143E+01	2,758E-01	
1,144E+01	4,155E-01	
1,145E+01	4,367E-01	
1,146E+01	1,219E-01	
1,147E+01	2,318E-01	
1,149E+01	2,069E-01	
1,150E+01	2,216E-01	
1,151E+01	1,422E-01	
1,152E+01	3,642E-01	
1,154E+01	3,728E-01	
1,155E+01	1,808E-01	
1,156E+01	2,765E-01	
1,157E+01	1,560E-01	
1,158E+01	9,333E-02	
1,160E+01	3,036E-01	
1,161E+01	3,038E-01	
1,162E+01	2,285E-01	
1,163E+01	2,586E-01	
1,165E+01	1,496E-01	
1,166E+01	9,051E-02	
1,167E+01	2,563E-01	
1,168E+01	1,024E-01	
1,169E+01	2,140E-01	
1,171E+01	6,900E-02	
1,172E+01	4,126E-02	
1,173E+01	2,528E-01	
1,174E+01	1,802E-01	
1,176E+01	1,511E-01	
1,177E+01	8,470E-02	
1,178E+01	1,924E-01	
1,179E+01	1,050E-01	
1,180E+01	4,870E-02	
1,182E+01	4,372E-01	
1,183E+01	4,475E-02	
1,184E+01	3,773E-01	
1,185E+01	3,494E-01	
1,187E+01	3,242E-01	
1,188E+01	1,859E-01	
1,189E+01	4,211E-02	
1,190E+01	1,778E-01	
1,191E+01	2,515E-01	
1,193E+01	4,006E-01	
1,194E+01	4,120E-01	
1,195E+01	2,718E-01	
1,196E+01	2,134E-01	
1,198E+01	3,482E-01	
1,199E+01	8,631E-02	
1,200E+01	1,226E-01	
1,201E+01	4,603E-01	
1,202E+01	2,544E-01	
1,204E+01	1,993E-01	
1,205E+01	3,571E-01	
1,206E+01	2,559E-01	
1,207E+01	4,557E-01	
1,208E+01	1,388E-01	
1,210E+01	1,926E-01	
1,211E+01	1,062E-01	
1,212E+01	2,329E-01	
1,213E+01	1,384E-01	
1,215E+01	3,378E-01	
1,216E+01	4,298E-01	
1,217E+01	4,210E-02	
1,218E+01	3,808E-01	
1,219E+01	4,537E-01	
1,221E+01	2,772E-01	
1,222E+01	9,567E-02	
1,223E+01	5,282E-02	
1,224E+01	3,112E-01	
1,226E+01	3,871E-01	
1,227E+01	3,414E-01	
1,228E+01	4,298E-01	
1,229E+01	4,531E-01	
1,230E+01	3,497E-01	
1,232E+01	3,524E-01	
1,233E+01	2,342E-01	
1,234E+01	1,035E-01	
1,235E+01	4,909E-01	
1,237E+01	2,634E-01	
1,238E+01	4,196E-01	
1,239E+01	4,959E-01	
1,240E+01	4,451E-01	
1,241E+01	1,498E-01	
1,243E+01	2,748E-01	
1,244E+01	2,696E-01	
1,245E+01	2,800E-01	
1,246E+01	3,098E-01	
1,248E+01	4,374E-01	
1,249E+01	3,522E-01	
