5350
5213
5055
5648
5218
5294
5342
5359
5198
5157
5053
5351
5159
5322
5403
5042
5703
5248
5391
5229
5059
5334
5256
5609
5053
5626
5259
5239
5520
5117
5070
5371
5149
5492
5282
5537
5193
5613
5019
5566
5524
5501
5303
5607
5129
5333
5546
5077
5368
5429
5381
5599
5131
5287
5485
5394
5766
5311
5702
5731
5416
5020
5111
5495
5252
5312
5098
5370
5287
5681
5417
5609
5060
5126
5317
5640
5222
5665
5288
5514
5638
5366
5218
5564
5529
5019
5496
5179
5346
5331
5448
5569
5514
5602
5189
5442
5169
5106
5361
5177
5308
5276
5213
4987
5627
5400
5415
5405
5431
5358
5444
5368
5096
5288
5257
5309
5645
5433
5381
5309
5067
5164
5475
5462
5406
5324
5267
5086
5309
5058
5293
5512
5257
5416
5598
5582
5455
5125
5420
5553
5147
5061
5155
5636
5046
5284
5481
5321
5098
5337
5898
5445
5400
5323
5621
5559
5435
5207
5224
5116
5320
5168
5377
5634
5352
5395
5244
5577
5289
5395
5162
5027
5560
5416
5494
5159
5169
5279
5195
5182
5324
5462
5511
5322
5307
5367
5393
4958
5258
5148
5327
5357
5321
5389
5389
5509
5456
5141
5135
5044
