-5.083006681198549287e-02 5.000000000000000000e+00
-1.014854639773805356e-01 1.100000000000000000e+01
-1.492226540810660529e-01 8.400000000000000355e+00
-2.033193058773464512e-01 2.000000000000000000e+01
-2.533763876776580770e-01 2.500000000000000000e+01
-3.036937636838759613e-01 3.000000000000000000e+01
-3.546040804209067421e-01 2.760000000000000142e+01
-4.048582995951417463e-01 3.900000000000000000e+01
-4.544397708778085132e-01 4.400000000000000000e+01
-5.047303800737140689e-01 4.900000000000000000e+01
