1.020958133593558859e-01 5.000000000000000000e+00
2.040506425222557429e-01 1.000000000000000000e+01
3.064773634393887503e-01 1.500000000000000000e+01
4.090718824917233820e-01 1.960000000000000142e+01
5.112656798050057017e-01 2.500000000000000000e+01
6.148830292283933296e-01 2.900000000000000000e+01
7.172404590338936625e-01 3.400000000000000000e+01
8.210180623973726277e-01 3.900000000000000000e+01
9.235791915460286328e-01 4.400000000000000000e+01
1.028117827084927161e+00 4.900000000000000000e+01
