# Gang/MittelGeschwVor/FehlerVor/MittelGeschwRueck/FehlerRueck/inMeterproSek
1.000000000000000000e+00 5.104790667967793599e-04 2.374321240915253027e-07 -5.083006681198548463e-04 -2.364189154045836498e-07
2.000000000000000000e+00 1.020253212611278671e-03 4.745363779587342519e-07 -1.014854639773805261e-03 -4.720254138482815888e-07
3.000000000000000000e+00 1.532386817196943743e-03 7.127380545102064280e-07 -1.492226540810660937e-03 -6.940588561910050711e-07
4.000000000000000000e+00 2.045359412458617240e-03 9.513299592830779274e-07 -2.033193058773464373e-03 -9.456711901271929017e-07
5.000000000000000000e+00 2.556328399025028369e-03 1.188989953034897171e-06 -2.533763876776580666e-03 -1.178494826407712000e-06
6.000000000000000000e+00 3.074415146141966197e-03 1.429960533089286751e-06 -3.036937636838759648e-03 -1.412529133413376577e-06
7.000000000000000000e+00 3.586202295169468868e-03 1.668001067520683342e-06 -3.546040804209068132e-03 -1.649321304283287648e-06
8.000000000000000000e+00 4.105090311986863034e-03 1.909344331156680830e-06 -4.048582995951417046e-03 -1.883061858582054511e-06
9.000000000000000000e+00 4.617895957730143788e-03 2.147858584990764607e-06 -4.544397708778085201e-03 -2.113673352920039653e-06
1.000000000000000000e+01 5.140589135424636878e-03 2.390971690895180065e-06 -5.047303800737141036e-03 -2.347583163133554008e-06
