5.104790667967794293e-02 2.374321240915253578e-05 -5.083006681198549287e-02 2.364189154045837101e-05
1.020253212611278715e-01 4.745363779587343493e-05 -1.014854639773805356e-01 4.720254138482815528e-05
1.532386817196943751e-01 7.127380545102063856e-05 -1.492226540810660529e-01 6.940588561910049229e-05
2.045359412458616910e-01 9.513299592830776945e-05 -2.033193058773464512e-01 9.456711901271928043e-05
2.556328399025028508e-01 1.188989953034897171e-04 -2.533763876776580770e-01 1.178494826407711966e-04
3.074415146141966648e-01 1.429960533089286937e-04 -3.036937636838759613e-01 1.412529133413376688e-04
3.586202295169468313e-01 1.668001067520683283e-04 -3.546040804209067421e-01 1.649321304283287131e-04
4.105090311986863139e-01 1.909344331156680576e-04 -4.048582995951417463e-01 1.883061858582054629e-04
4.617895957730143164e-01 2.147858584990764319e-04 -4.544397708778085132e-01 2.113673352920039975e-04
5.140589135424635803e-01 2.390971690895179861e-04 -5.047303800737140689e-01 2.347583163133553686e-04
