-5.083006681198549287e-02 -2.299999999999272404e+00
-1.014854639773805356e-01 -4.700000000000727596e+00
-1.492226540810660529e-01 -7.099999999998544808e+00
-2.033193058773464512e-01 -9.299999999999272404e+00
-3.036937636838759613e-01 -1.409999999999854481e+01
-3.546040804209067421e-01 -1.629999999999927240e+01
-4.048582995951417463e-01 -1.909999999999854481e+01
-5.047303800737140689e-01 -2.329999999999927240e+01
5.104790667967794293e-02 2.700000000000727596e+00
1.020253212611278715e-01 4.700000000000727596e+00
1.532386817196943751e-01 7.700000000000727596e+00
2.045359412458616910e-01 9.900000000001455192e+00
2.556328399025028508e-01 1.250000000000000000e+01
