#Minute // T1 // T2 // Pa // Pb // Leistung
1         20.6  19.9  2.4   6.5     170
2         21.6  19.8  2.6   7       178
3         22.9  18.9  3     7.25    185
4         24.6  17.4  3     7.5     195
5         26.5  15.6  3.2   8       200
6         28.6  13.7  3.2   8.5     205
7         30.5  11.9  3.2   8.75    205
8         32.6  9.9   3.2   9.25    207
9         34.5  8.0   3.2   9.5     210
10        36.5  6.3   3.2   10      208
11        38.4  4.4   3.2   10.5    210
12        40    3.0   3.2   10.75   213
13        41.7  1.9   3.2   11.25   213
14        43.3  1.0   3.2   11.5    210
15        44.9  0.4   3.2   12      208
16        46.3  -0.2  3.2   12.25   205
17        47.6  -0.7  3.2   12.5    205
18        48.7  -1.1  3.2   12.75   202
19        49.9  -1.6  3.2   13      201
20        50.9  -1.9  3.25  13.5    200
