#x/cm-y/mm
3   0         0.05
4   0         0.042
5   0.0475    0.0562
6   0.055     0.11
7   0.065     0.168
8   0.1       0.225
9   0.155     0.291
10  0.18      0.355
11  0.218     0.42
12  0.278     0.49
13  0.3175    0.582
14  0.33      0.66
15  0.37      0.71
16  0.425     0.8
17  0.49      0.9
18  0.6       1.04
19  0.69      1.165
20  0.735     1.268
21  0.81      1.381
22  0.928     1.55
23  1         1.705
24  1.07      1.785
25  1.13      1.92
26  1.2375    2.25
27  1.315     2.17
28  1.385     2.27
29  1.45      2.4
30  1.54      2.555
31  1.623     2.75
32  1.45      2.825
33  1.792     2.96
34  1.86      3.085
35  1.918     3.25
36  2.01      3.36
37  2.06      3.5
38  2.085     3.62
39  2.19      3.785
40  2.27      3.905
41  2.35      4.045
42  2.635     4.175
43  2.54      4.34
44  2.625     4.55
45  2.735     4.63
46  2.82      4.835
47  2.91      5.02
48  2.985     5.185
49  3.12      5.29
